203
100
206
100
209
100
212
100
215
100
218
100
221
100
224
100
227
100
230
100
233
100
236
100
239
100
242
100
245
100
248
100
251
100
254
100
257
100
260
100
263
100
266
100
269
100
272
100
275
100
278
100
281
100
284
100
287
100
290
100
293
100
296
100
299
100
302
100
305
100
308
100
311
100
314
100
317
100
320
100
323
100
326
100
329
100
332
100
335
100
338
100
341
100
344
100
347
100
350
100
353
100
356
100
359
100
362
100
365
100
368
100
371
100
374
100
377
100
380
100
383
100
386
100
389
100
392
100
395
100
398
100
401
100
404
100
407
100
410
100
413
100
416
100
418.99147670078185
100.2259804165838
421.9574319349956
100.67665718394606
424.9233871692094
101.12733395130833
427.88934240342314
101.5780107186706
430.8552976376369
102.02868748603287
433.8212528718507
102.47936425339513
436.78720810606444
102.9300410207574
439.7531633402782
103.38071778811967
442.719118574492
103.83139455548194
445.68507380870574
104.2820713228442
448.6510290429195
104.73274809020647
451.61698427713327
105.18342485756874
454.58293951134704
105.634101624931
457.5488947455608
106.08477839229327
460.51484997977457
106.53545515965554
463.48080521398833
106.98613192701781
466.4722819147702
107.2121123436016
469.4722819147702
107.2121123436016
472.463758615552
106.98613192701781
475.4297138497658
106.53545515965554
478.3532944681255
105.8626428768074
481.21788810236546
104.9715181320763
484.0072175600302
103.86714447402227
486.7054333147293
102.55579717406947
489.4036490694284
101.24444987411667
492.1018648241275
99.93310257416387
494.8000805788266
98.62175527421107
497.49829633352573
97.31040797425827
500.19651208822484
95.99906067430547
502.89472784292394
94.68771337435267
505.59294359762305
93.37636607439987
508.29115935232215
92.06501877444707
510.98937510702126
90.75367147449427
513.6875908617204
89.44232417454147
516.3858066164196
88.13097687458867
519.0840223711187
86.81962957463587
521.7822381258179
85.50828227468307
524.4804538805171
84.19693497473027
527.1786696352162
82.88558767477747
529.8768853899154
81.57424037482467
532.6662148475801
80.46986671677064
535.53080848182
79.57874197203954
538.4543891001798
78.9059296891914
541.4203443343936
78.45525292182913
544.4118210351754
78.22927250524533
547.4118210351754
78.22927250524533
550.4118210351754
78.22927250524533
553.4118210351754
78.22927250524533
556.4118210351754
78.22927250524533
559.4118210351754
78.22927250524533
562.4118210351754
78.22927250524533
565.4118210351754
78.22927250524533
568.4118210351754
78.22927250524533
571.4118210351754
78.22927250524533
574.4118210351754
78.22927250524533
577.4118210351754
78.22927250524533
580.4032977359573
78.45525292182913
583.369252970171
78.9059296891914
586.2928335885308
79.57874197203954
589.1574272227707
80.46986671677064
591.9467566804354
81.57424037482467
594.7360861381002
82.6786140328787
597.5254155957649
83.78298769093273
600.3147450534296
84.88736134898676
603.1040745110944
85.99173500704079
605.8934039687591
87.09610866509482
608.6827334264239
88.20048232314885
611.4720628840886
89.30485598120288
614.2613923417533
90.4092296392569
617.050721799418
91.51360329731094
619.8400512570828
92.61797695536497
622.6293807147475
93.722350613419
625.4187101724123
94.82672427147303
628.208039630077
95.93109792952706
630.9973690877417
97.03547158758109
633.7866985454065
98.13984524563512
636.5760280030712
99.24421890368914
639.3653574607359
100.34859256174317
642.1546869184007
101.4529662197972
644.9440163760654
102.55733987785123
647.7333458337301
103.66171353590526
650.5226752913949
104.7660871939593
653.3120047490596
105.87046085201332
656.1013342067243
106.97483451006735
658.8906636643891
108.07920816812138
661.6799931220538
109.18358182617541
664.4693225797186
110.28795548422944
667.1675383344177
111.59930278418224
669.7593085859962
113.11017238908953
672.2299063788815
114.8119792364698
674.5652932835826
116.6950533203419
676.7521991658468
118.74869463812796
678.9391050481111
120.80233595591402
681.1260109303753
122.85597727370008
683.3129168126395
124.90961859148614
685.4998226949037
126.9632599092722
687.686728577168
129.01690122705827
689.8736344594322
131.07054254484433
692.0605403416964
133.1241838626304
694.2474462239607
135.17782518041645
696.4343521062249
137.2314664982025
698.6212579884891
139.28510781598857
700.8081638707533
141.33874913377463
702.8341622951164
143.55128848584914
704.6877411343874
145.910153782259
706.358367983852
148.4019414798464
707.8365500084968
151.01249274385498
709.1138878831921
153.72697390125302
710.1831235193318
156.52996072862285
711.2523591554716
159.3329475559927
712.3215947916113
162.13593438336252
713.3908304277511
164.93892121073236
714.4600660638908
167.7419080381022
715.5293017000306
170.54489486547203
716.5985373361704
173.34788169284187
717.6677729723101
176.1508685202117
718.7370086084499
178.95385534758154
719.8062442445896
181.75684217495137
720.8754798807294
184.5598290023212
721.9447155168691
187.36281582969104
723.0139511530089
190.16580265706088
724.0831867891486
192.96878948443072
725.1524224252884
195.77177631180055
726.2216580614281
198.5747631391704
727.076715848838
201.45032850622252
727.7127371786042
204.3821328769271
728.1261080506582
207.35351715401706
728.3144796092462
210.34759733930187
728.2767814895961
213.3473604719133
728.2390833699461
216.34712360452474
728.2013852502961
219.34688673713617
728.163687130646
222.3466498697476
728.125989010996
225.34641300235904
728.088290891346
228.34617613497048
728.050592771696
231.3459392675819
728.0128946520459
234.34570240019335
727.9751965323959
237.34546553280478
727.9374984127459
240.34522866541622
727.8998002930958
243.34499179802765
727.8621021734458
246.34475493063908
727.8244040537958
249.34451806325052
727.7867059341457
252.34428119586195
727.7490078144957
255.3440443284734
727.7113096948457
258.34380746108485
727.4477561051934
261.3322082885144
726.9598446096088
264.29226612113797
726.2503476185376
267.207161319882
725.3232966354128
270.06033086876744
724.396245652288
272.91350041765287
723.4691946691632
275.7666699665383
722.5421436860385
278.61983951542373
721.6150927029137
281.47300906430917
720.6880417197889
284.3261786131946
719.7609907366641
287.17934816208003
718.8339397535393
290.03251771096546
717.9068887704145
292.8856872598509
716.9798377872897
295.73885680873633
716.052786804165
298.59202635762176
714.9134495175996
301.3672579781251
713.5682998693295
304.0487822505789
712.024981267985
306.62136221915983
710.2922631577183
309.0703799713114
708.5595450474515
311.519397723463
706.8268269371847
313.96841547561456
705.0941088269179
316.41743322776614
703.3613907166512
318.8664509799177
701.6286726063844
321.3154687320693
699.8959544961176
323.76448648422087
698.1632363858508
326.21350423637244
696.4305182755841
328.662521988524
694.6978001653173
331.1115397406756
692.9650820550505
333.5605574928272
691.2323639447837
336.00957524497875
689.499645834517
338.4585929971303
687.7669277242502
340.9076107492819
686.0342096139834
343.3566285014335
684.3014915037166
345.80564625358505
682.5687733934499
348.25466400573663
680.8360552831831
350.7036817578882
679.1033371729163
353.1526995100398
677.3706190626496
355.60171726219136
675.6379009523828
358.05073501434293
673.905182842116
360.4997527664945
672.1724647318492
362.9487705186461
670.4397466215825
365.39778827079766
668.7070285113157
367.84680602294924
666.9743104010489
370.2958237751008
665.2415922907821
372.7448415272524
663.5088741805154
375.19385927940397
661.7761560702486
377.64287703155554
660.0434379599818
380.0918947837071
658.310719849715
382.5409125358587
656.5780017394483
384.98993028801027
654.8452836291815
387.43894804016185
653.1125655189147
389.8879657923134
651.379847408648
392.336983544465
649.6471292983812
394.7860012966166
648.1038106970367
397.35858126519753
646.7586610487666
400.0401055376513
645.6193237622012
402.81533715815465
644.6922727790765
405.6685067070401
643.9827757880053
408.5834019057841
643.273278796934
411.49829710452815
642.5637818058628
414.4131923032722
641.8542848147916
417.3280875020162
641.1447878237204
420.24298270076025
640.4352908326492
423.1578778995043
639.725793841578
426.0727730982483
639.0162968505068
428.98766829699235
638.3067998594356
431.9025634957364
637.5973028683644
434.8174586944804
637.1093913727798
437.777516527104
636.8458377831275
440.76591735453354
636.8081396634775
443.765680487145
636.7704415438275
446.76544361975647
636.7327434241774
449.76520675236793
636.6950453045274
452.7649698849794
636.6573471848774
455.76473301759086
636.6196490652273
458.7644961502023
636.5819509455773
461.7642592828138
636.5442528259273
464.76402241542525
636.5065547062773
467.7637855480367
636.4688565866272
470.76354868064817
636.4311584669772
473.76331181325963
636.3934603473272
476.7630749458711
636.3557622276771
479.76283807848256
636.3180641080271
482.762601211094
636.2803659883771
485.7623643437055
636.242667868727
488.76212747631695
636.204969749077
491.7618906089284
636.167271629427
494.7616537415399
636.129573509777
497.76141687415134
636.0918753901269
500.7611800067628
636.0541772704769
503.76094313937426
636.0164791508269
506.7607062719857
635.7529255611746
509.74910709941526
635.26501406559
512.7091649320389
634.5555170745188
515.6240601307829
633.628466091394
518.4772296796684
632.4891288048286
521.2524613001718
631.3497915182633
524.0276929206752
630.2104542316979
526.8029245411786
629.0711169451325
529.578156161682
627.9317796585672
532.3533877821855
626.7924423720018
535.1286194026889
625.6531050854364
537.9038510231923
624.5137677988711
540.6790826436957
623.168618150601
543.3606069161494
621.6252995492565
545.9331868847304
619.8925814389897
548.382204636882
617.9803094697437
550.6937443652093
615.8993495523052
552.8546714398731
613.6615261160327
554.8527070421758
611.2795549200893
556.6764979352596
608.7669707999628
558.3156809754624
606.1380507598312
559.7609419977676
603.4077328477763
561.0040687407475
600.5915312748147
562.037997510271
597.7054482600564
562.8568533168229
594.7658831029037
563.4559832583661
591.7895389989602
563.831982959059
588.8131948950167
564.2079826597519
585.8368507910733
564.5839823604448
582.8605066871298
564.9599820611377
579.8841625831864
565.3359817618306
576.9078184792429
565.7119814625235
573.9314743752994
566.0879811632163
570.955130271356
566.4639808639092
567.9787861674125
566.8399805646021
565.0024420634691
567.215980265295
562.0260979595256
567.5919799659879
559.0497538555821
567.9679796666808
556.0734097516387
568.3439793673737
553.0970656476952
568.7199790680666
550.1207215437518
569.0959787687594
547.1443774398083
569.4719784694523
544.1680333358648
569.8479781701452
541.1916892319214
570.2239778708381
538.2153451279779
570.599977571531
535.2390010240345
570.9759772722239
532.2427901542164
571.1267102267632
529.2437375863666
571.0513199404331
526.2588845354227
570.7502347958795
523.305191531835
570.2251656189536
520.3514985282474
569.7000964420278
517.3978055246597
569.1750272651019
514.444112521072
568.649958088176
511.49041951748444
568.1248889112502
508.53672651389684
567.5998197343243
505.58303351030924
567.0747505573985
502.62934050672163
566.5496813804726
499.67564750313403
566.0246122035468
496.7219544995464
565.4995430266209
493.7682614959588
564.9744738496951
490.8145684923712
564.4494046727692
487.8608754887836
563.9243354958434
484.907182485196
563.3992663189175
481.9534894816084
562.8741971419917
478.9997964780208
562.3491279650658
476.0461034744332
561.82405878814
473.0924104708456
561.2989896112141
470.138717467258
560.7739204342882
467.1850244636704
560.2488512573624
464.2313314600828
559.7237820804365
461.2776384564952
559.1987129035107
458.3239454529076
558.6736437265848
455.37025244932
558.148574549659
452.4165594457324
557.6235053727331
449.4628664421448
557.0984361958073
446.5091734385572
556.5733670188814
443.5554804349696
556.0482978419556
440.601787431382
555.5232286650297
437.6480944277944
554.9981594881039
434.6944014242068
554.473090311178
431.70954837326286
554.1720051666243
428.71049580541296
554.0966148802943
425.7142849355949
554.2473478348336
422.7379408316515
554.6233475355265
419.7615967277081
554.9993472362194
416.7852526237647
555.3753469369123
413.8089085198213
555.7513466376051
410.83256441587787
556.127346338298
407.85622031193446
556.5033460389909
404.87987620799106
556.8793457396838
401.90353210404766
557.2553454403767
398.92718800010425
557.6313451410696
395.95084389616085
558.0073448417625
392.97449979221744
558.3833445424553
389.99815568827404
558.7593442431482
387.02181158433064
559.1353439438411
384.04546748038723
559.511343644534
381.0691233764438
559.8873433452269
378.07291250662576
560.0380762997662
375.07385993877585
559.9626860134362
372.08900688783194
559.6616008688825
369.13531388424434
559.1365316919566
366.18162088065674
558.6114625150308
363.22792787706913
558.0863933381049
360.27423487348153
557.5613241611791
357.32054186989393
557.0362549842532
354.3668488663063
556.5111858073274
351.4131558627187
555.9861166304015
348.4594628591311
555.4610474534757
345.40731342209057
554.9184759706524
342.2567075515971
554.3584021819315
339.10610168110367
553.7983283932107
335.9554958106102
553.2382546044898
332.80488994011677
552.678180815769
329.6542840696233
552.1181070270482
326.50367819912987
551.5580332383273
323.3530723286364
550.9979594496065
320.20246645814296
550.4378856608856
317.10703964694113
549.6265085250893
314.0868027716108
548.5690733181406
311.16128063148983
547.2724159973105
308.34938572751855
545.7449190090908
305.6692959993837
543.9964570995412
302.9892062712488
542.2479951899916
300.30911654311393
540.4995332804419
297.62902681497906
538.7510713708923
294.9489370868442
537.0026094613427
292.2688473587093
535.254147551793
289.58875763057443
533.5056856422434
286.90866790243956
531.7572237326938
284.2285781743047
530.0087618231441
281.5484884461698
528.2602999135945
278.86839871803494
526.5118380040449
276.18830898990007
524.7633760944952
273.5082192617652
523.0149141849456
270.8281295336303
521.266452275396
268.01623462965904
519.7389552871763
265.0907124895381
518.4422979663462
262.07047561420774
517.3848627593975
259.0502387388774
516.3274275524487
256.03000186354706
515.2699923455
253.0097649882167
514.2125571385512
249.98952811288632
513.1551219316025
246.96929123755595
512.0976867246537
243.94905436222558
511.04025151770503
240.9288174868952
509.98281631075633
237.90858061156484
508.92538110380764
234.88834373623448
507.86794589685894
231.8681068609041
506.81051068991025
228.84786998557374
505.75307548296155
225.82763311024337
504.69564027601285
222.807396234913
503.63820506906416
219.78715935958263
502.58076986211546
216.76692248425226
501.52333465516676
213.7466856089219
500.46589944821807
210.72644873359152
499.40846424126937
207.70621185826116
498.3510290343207
204.6859749829308
497.293593827372
201.66573810760042
496.2361586204233
198.64550123227005
495.1787234134746
195.62526435693968
494.1212882065259
192.6050274816093
493.0638529995772
189.58479060627894
492.0064177926285
186.56455373094857
490.9489825856798
183.5443168556182
489.8915473787311
180.52407998028784
488.8341121717824
177.50384310495747
487.7766769648337
174.40841629375566
486.96529982903746
171.2578104232622
486.4052260403166
168.07239308381972
486.1000762843295
164.88697574437722
485.79492652834233
161.70155840493473
485.4897767723552
158.51614106549223
485.18462701636804
155.33072372604974
484.8794772603809
152.14530638660725
484.57432750439375
148.95988904716475
484.2691777484066
145.77447170772226
483.96402799241946
142.58905436827976
483.6588782364323
139.40363702883727
483.35372848044517
136.21821968939477
483.048578724458
133.03280234995228
482.7434289684709
129.84738501050978
482.43827921248374
126.66196767106727
482.1331294564966
123.51136180057381
481.57305566777575
120.41593498937199
480.7616785319795
117.39569811404162
479.7042433250308
114.47017597392065
478.4075860042008
111.65828106994935
476.8800890159811
108.9781913418145
475.1316271064315
106.29810161367963
473.38316519688186
103.61801188554477
471.63470328733223
100.93792215740991
469.8862413777826
98.25783242927506
468.13777946823296
95.5777427011402
466.38931755868333
92.89765297300534
464.6408556491337
90.21756324487048
462.89239373958407
87.53747351673562
461.14393183003443
84.85738378860076
459.3954699204848
82.1772940604659
457.64700801093517
79.64633537243226
455.6888843888247
77.28086950755075
453.5337576542496
75.09618839432201
451.19555996510917
73.10641524960417
448.6894069704658
71.32441327684195
446.03150009303926
69.76170250985197
443.2390217925446
68.4283853397407
440.33002448696203
67.33308120639805
437.3233138498234
66.48287087676394
434.23832723795886
65.8832506700896
431.0950080356271
65.53809692611179
427.9136767273509
65.44964094584104
424.7148995329289
65.61845456696302
421.519355453852
66.04344646710338
418.34770259062515
66.46843836724373
415.1760497273983
66.89343026738409
412.0043968641715
67.31842216752445
408.8327440009447
67.7434140676648
405.66109113771785
68.16840596780516
402.489438274491
68.59339786794551
399.3177854112642
69.01838976808587
396.1461325480374
69.44338166822622
392.97447968481055
70.12180441997678
389.8472216893923
71.04927225207487
386.7845752160913
72.21978940191592
383.8063392278043
73.62578887610978
380.9317670024868
75.25818136850728
378.17944166729035
77.10641401945851
375.56715606499534
79.1585386364444
373.11179772936276
81.40128893505847
370.82923971299897
83.8201663010022
368.7342379734949
86.3995335186721
366.8403359812023
89.1227158604151
365.15977716532615
91.97210888294482
363.7034257643384
94.82150190547455
362.2470743633507
97.67089492800427
360.79072296236296
100.520287950534
359.33437156137524
103.36968097306372
357.8780201603875
106.21907399559345
356.4216687593998
109.06846701812317
354.96531735841205
111.9178600406529
353.5089659574243
114.76725306318262
352.0526145564366
117.61664608571235
350.59626315544887
120.46603910824207
349.13991175446114
123.3154321307718
347.6835603534734
126.16482515330152
346.2272089524857
128.88800749504452
344.5466501366095
131.46737471271442
342.65274814431694
133.88625207865815
340.55774640481286
136.1290023772722
338.27518838844907
138.1811269942581
335.8198300528165
140.02935964520935
333.2075444505215
141.66175213760684
330.455219115325
143.0677516118007
327.58064689000753
144.23826876164173
324.6024109017205
145.1657365937398
321.53976442841946
146.09320442583788
318.47711795511844
147.02067225793596
315.41447148181743
147.94814009003403
312.3518250085164
148.8756079221321
309.2891785352154
149.80307575423018
306.2265320619144
150.73054358632825
303.16388558861337
151.65801141842633
300.10123911531235
152.33643417017686
296.9739811198941
152.7614260703172
293.8023282566673
152.9302396914392
290.6067841775904
152.84178371116843
287.4080069831684
152.49662996719061
284.2266756748922
151.89700976051626
281.0833564725604
151.2973895538419
277.94003727022863
150.69776934716754
274.79671806789685
150.09814914049318
271.65339886556507
149.49852893381882
268.5100796632333
148.89890872714446
265.3667604609015
148.2992885204701
262.2234412585697
147.69966831379574
259.08012205623794
147.10004810712138
255.93680285390613
146.50042790044702
252.79348365157432
145.90080769377266
249.6501644492425
145.3011874870983
246.5068452469107
144.70156728042394
243.3635260445789
144.10194707374959
240.22020684224708
143.50232686707523
237.07688763991527
142.90270666040087
233.93356843758346
142.3030864537265
230.79024923525165
141.70346624705215
227.64693003291984
140.85325591741804
224.5619434210553
139.75795178407537
221.5552327839167
138.4246346139641
218.64623547833418
136.8619238469741
215.85375717783953
135.07992187421186
213.19585030041296
133.29791990144963
210.5379434229864
131.5159179286874
207.88003654555982
129.73391595592517
205.22212966813325
127.95191398316294
202.56422279070668
126.16991201040071
199.9063159132801
124.38791003763848
197.24840903585354
122.60590806487625
194.59050215842697
120.82390609211402
191.9325952810004
119.04190411935178
189.27468840357383
117.25990214658955
186.61678152614726
115.69719137959956
183.8243032256526
114.36387420948827
180.9153059200701
113.26857007614561
177.9085952829315
112.41835974651148
174.82360867106695
111.81873953983713
171.68028946873517
111.47358579585931
168.498958160459
111.12843205188149
165.31762685218285
110.78327830790367
162.1362955439067
110.43812456392585
158.95496423563054
110.09297081994804
155.77363292735438
109.74781707597022
152.59230161907823
109.4026633319924
149.41097031080207
109.31420735172163
146.21219311638006
109.4830209728436
143.01664903730313
109.90801287298395
139.84499617407627
110.58643562473448
136.71773817865804
111.51390345683255
133.655091705357
112.68442060667358
130.67685571706997
114.09042008086743
127.8022834917525
115.72281257326492
125.04995815655604
117.57104522421614
122.43767255426103
119.62316984120203
119.98231421862842
121.86592013981608
117.69975620226464
124.10867043843014
115.41719818590086
126.3514207370442
113.13464016953708
128.59417103565826
110.8520821531733
130.83692133427232
108.56952413680952
133.07967163288637
106.28696612044574
135.32242193150043
104.00440810408196
137.56517223011448
101.72185008771818
139.80792252872854
99.4392920713544
142.0506728273426
97.15673405499062
144.29342312595665
94.87417603862684
146.71230049190038
92.77917429912274
149.29166770957028
90.88527230683013
152.01485005131326
89.20471349095395
154.86424307384297
87.74836208996622
157.8214264249499
86.52563291801681
160.8672829247838
85.54443050137715
163.98212215188897
84.81109797837895
167.09696137899414
84.07776545538076
170.2118006060993
83.34443293238256
173.32663983320447
82.61110040938436
176.44147906030963
81.87776788638617
179.5563182874148
81.14443536338797
182.67115751451996
80.41110284038977
185.78599674162513
79.67777031739158
188.9008359687303
78.94443779439338
192.01567519583546
78.21110527139518
195.17936077899677
77.73038338620871
198.3714405719988
77.5053798415517
201.57127886976215
77.5375492084532
204.75818981112545
77.82668352294895
207.9115711058689
78.37091363049736
211.0110372214805
79.16672126942485
214.0365511686578
80.2089618152854
216.96855403359658
81.49089753909952
219.90055689853534
82.77283326291364
222.8325597634741
84.05476898672775
225.76456262841288
85.33670471054187
228.69656549335164
86.61864043435598
231.6285683582904
87.9005761581701
234.56057122322918
89.18251188198421
237.49257408816794
90.46444760579833
240.4245769531067
91.74638332961244
243.35657981804547
93.02831905342656
246.28858268298424
94.31025477724067
249.220585547923
95.59219050105479
252.15258841286177
96.8741262248689
255.17810236003908
97.91636677072944
258.2775684756507
98.71217440965694
261.43094977039414
99.25640451720534
264.61786071175743
99.5455388317011
267.8047716531207
99.83467314619685
270.991682594484
100.1238074606926
274.1785935358473
100.41294177518836
277.3655044772106
100.70207608968411
280.5524154185739
100.99121040417987
283.7393263599372
101.28034471867562
286.9262373013005
101.56947903317138
290.1131482426638
101.85861334766713
293.3000591840271
102.14774766216289
296.48697012539037
102.43688197665864
299.67388106675367
102.7260162911544
302.86079200811696
103.01515060565015
306.04770294948025
103.3042849201459
309.23461389084355
103.59341923464166
312.42152483220684
103.88255354913741
315.60843577357014
104.17168786363317
318.79534671493343
104.46082217812892
321.9822576562967
104.74995649262468
325.26875956457764
105.04812625444842
328.6548524397761
105.35533146360015
332.0409453149746
105.66253667275188
335.42703819017305
105.96974188190362
338.8131310653715
106.27694709105535
342.19922394057
106.58415230020708
345.58531681576846
106.89135750935881
348.97140969096694
107.19856271851054
352.371366738539
107.21565291057848
355.76037681945496
106.9425033701249
359.11370868002126
106.38110740210313
362.46704054058756
105.81971143408136
365.82037240115386
105.25831546605959
369.17370426172016
104.69691949803781
372.52703612228646
104.13552353001604
375.88036798285276
103.57412756199427
379.23369984341906
103.0127315939725
382.58703170398536
102.45133562595073
385.94036356455166
101.88993965792896
389.29369542511796
101.32854368990719
392.64702728568426
100.76714772188542
396.00035914625056
100.20575175386365
399.35369100681686
99.64435578584188
402.70702286738316
99.08295981782011
406.06035472794946
98.52156384979834
409.41368658851576
97.96016788177657
412.76701844908206
97.3987719137548
416.12035030964836
96.83737594573303
419.47368217021466
96.27597997771126
422.82701403078096
95.71458400968949
426.18034589134726
95.15318804166772
429.53367775191356
94.59179207364595
432.88700961247986
94.03039610562418
436.24034147304616
93.46900013760241
439.59367333361246
92.90760416958064
442.94700519417876
92.34620820155887
446.30033705474506
91.7848122335371
449.65366891531136
91.22341626551533
453.00700077587766
90.66202029749356
456.36033263644396
90.10062432947178
459.71366449701026
89.53922836145001
463.06699635757656
88.97783239342824
466.42032821814286
88.41643642540647
469.77366007870916
87.8550404573847
473.12699193927546
87.29364448936293
476.48032379984176
86.73224852134116
479.83365566040806
86.17085255331939
483.18698752097436
85.60945658529762
486.54031938154066
85.04806061727585
489.89365124210696
84.48666464925408
493.24698310267325
83.92526868123231
496.60031496323955
83.36387271321054
499.95364682380585
82.80247674518877
503.30697868437215
82.241080777167
506.66031054493845
81.67968480914523
510.01364240550475
81.11828884112346
513.366974266071
80.55689287310169
516.7203061266373
79.99549690507992
520.0736379872036
79.43410093705815
523.4269698477699
78.87270496903638
526.7803017083362
78.3113090010146
530.1336335689025
77.74991303299284
533.4869654294688
77.18851706497107
536.8402972900351
76.6271210969493
540.1936291506014
76.06572512892753
543.5469610111677
75.50432916090575
546.900292871734
74.94293319288398
550.2536247323003
74.38153722486221
553.6069565928666
73.82014125684044
556.9602884534329
73.25874528881867
560.3136203139992
72.6973493207969
563.6669521745655
72.13595335277513
567.0202840351318
71.57455738475336
570.3736158956981
71.01316141673159
573.7269477562644
70.45176544870982
577.0802796168307
69.89036948068805
580.433611477397
69.32897351266628
583.7869433379633
68.76757754464451
587.1402751985296
68.20618157662274
590.4936070590959
67.64478560860097
593.8469389196622
67.0833896405792
597.2002707802285
66.52199367255743
600.5536026407948
65.96059770453566
603.9069345013611
65.39920173651389
607.2602663619274
64.83780576849212
610.6135982224937
64.27640980047035
613.96693008306
63.71501383244858
617.3202619436263
63.153617864426806
620.6735938041926
62.592221896405036
624.0269256647589
62.030825928383265
624.0269256647589
62.030825928383265
624.0269256647589
62.030825928383265
624.0269256647589
62.030825928383265
624.0269256647589
62.030825928383265
624.0269256647589
62.030825928383265
